"Date","Google","bing","Yahoo!","Baidu","DuckDuckGo","YANDEX RU","YANDEX","Seznam","MSN","AOL","Naver","Ecosia","Ask Jeeves","Shenma","Sogou","Other"
2016-03,89.85,4.19,4.17,0.79,0.25,0.3,0.15,0.02,0.03,0.06,0.02,0,0.07,0.01,0.01,0.09
2016-04,89.68,4.26,4.31,0.82,0.26,0.28,0.13,0.02,0.02,0.06,0.02,0,0.03,0.01,0.01,0.08
2016-05,89.75,4.19,4.31,0.81,0.27,0.27,0.11,0.02,0.02,0.05,0.02,0,0.03,0.02,0.02,0.12
2016-06,89.86,4.13,4.16,0.82,0.28,0.29,0.1,0.02,0.02,0.05,0.02,0,0.03,0.02,0.01,0.19
2016-07,89.62,4.36,4.09,0.98,0.3,0.25,0.11,0.03,0.02,0.05,0.02,0,0.03,0.02,0.01,0.11
2016-08,89.93,4.26,3.96,0.91,0.3,0.25,0.13,0.02,0.02,0.05,0.02,0,0.02,0.02,0.01,0.1
2016-09,90.28,4.03,3.94,0.85,0.28,0.26,0.13,0.02,0.02,0.05,0.01,0,0.02,0.02,0.01,0.07
2016-10,90.73,3.88,3.78,0.76,0.3,0.24,0.11,0.02,0.02,0.05,0.01,0,0.01,0.02,0.01,0.06
2016-11,91.44,3.62,3.47,0.65,0.3,0.24,0.1,0.02,0.02,0.04,0.01,0,0.01,0.01,0.01,0.06
2016-12,91.39,3.78,3.25,0.7,0.32,0.24,0.14,0.02,0.02,0.04,0.01,0,0.02,0.01,0.01,0.05
2017-01,91.28,3.85,3.31,0.66,0.34,0.26,0.14,0.02,0.02,0.03,0.01,0,0.02,0.01,0.02,0.05
2017-02,90.98,4,3.34,0.75,0.35,0.27,0.14,0.02,0.02,0.02,0.01,0,0.01,0.01,0.02,0.05
2017-03,90.76,4.11,3.43,0.77,0.37,0.26,0.15,0.02,0.02,0.02,0.01,0,0.01,0.01,0.02,0.05
2017-04,91.19,3.89,3.21,0.75,0.37,0.26,0.17,0.03,0.02,0.02,0.02,0,0.01,0.01,0.01,0.05
2017-05,91.06,3.88,3.25,0.86,0.37,0.25,0.17,0.03,0.03,0.02,0.02,0,0.01,0.01,0.01,0.05
2017-06,90.67,4.02,3.37,0.92,0.41,0.25,0.19,0.02,0.03,0.02,0.02,0,0.01,0.01,0.01,0.05
2017-07,90.19,4.28,3.51,0.91,0.45,0.25,0.24,0.03,0.01,0.02,0.02,0,0.01,0.01,0.01,0.05
2017-08,89.6,4.46,3.6,0.96,0.51,0.25,0.28,0.03,0.19,0.02,0.02,0,0.01,0.01,0.01,0.05
2017-09,89.88,4.23,3.55,0.87,0.54,0.28,0.21,0.03,0.31,0.02,0.02,0,0.01,0.01,0.01,0.05
2017-10,90.57,4.15,2.99,1.05,0.58,0.31,0.21,0.02,0.01,0.01,0.02,0,0,0.01,0.01,0.05
2017-11,91.84,4.19,1.73,0.96,0.61,0.34,0.18,0.02,0,0.01,0.03,0,0,0.01,0.01,0.06
2017-12,91.73,4.32,1.64,0.93,0.68,0.36,0.15,0.03,0,0.01,0.03,0,0,0.04,0.01,0.07
2018-01,90.88,4.36,2.62,0.82,0.63,0.35,0.14,0.03,0,0,0.03,0,0,0.03,0.02,0.07
2018-02,90.5,4.29,3.11,0.88,0.57,0.33,0.13,0.03,0,0,0.03,0,0,0.03,0.01,0.07
2018-03,90.21,4.44,3.2,0.92,0.63,0.35,0.09,0.03,0.01,0,0.03,0,0,0.01,0.01,0.07
2018-04,89.48,4.71,3.36,1.12,0.71,0.37,0.08,0.03,0,0,0.02,0,0,0.01,0.01,0.08
2018-05,89.47,4.67,3.24,1.23,0.75,0.38,0.08,0.04,0,0,0.02,0,0,0.02,0.01,0.08
2018-06,89.19,4.78,3.34,1.28,0.78,0.37,0.09,0.04,0,0,0.03,0,0,0.02,0.01,0.08
2018-07,88.27,4.89,4.08,1.36,0.77,0.36,0.11,0.04,0,0,0.02,0,0,0.01,0.01,0.07
2018-08,88.17,4.79,4.67,0.96,0.8,0.34,0.11,0.03,0,0,0.02,0,0,0.01,0.01,0.08
2018-09,88.98,4.19,4.83,0.49,0.88,0.34,0.15,0.03,0,0,0.03,0,0,0.01,0.01,0.07
2018-10,89.23,3.89,4.94,0.49,0.86,0.33,0.14,0.02,0,0,0.02,0,0,0.01,0.01,0.06
2018-11,88.54,4.33,4.92,0.58,1,0.35,0.15,0.02,0,0,0.02,0,0,0.01,0.01,0.06
2018-12,89.51,4.3,3.92,0.57,1.04,0.33,0.2,0.02,0,0,0.02,0,0,0.01,0.01,0.07
2019-01,90.24,4.4,3.19,0.55,1.04,0.31,0.14,0.02,0.01,0,0.02,0,0,0,0.01,0.06
2019-02,90.09,4.44,3.26,0.59,1.08,0.3,0.13,0.02,0,0,0.02,0,0,0,0.01,0.06
2019-03,90.47,4.23,3.05,0.51,1.05,0.28,0.28,0.02,0,0,0.02,0,0,0,0.01,0.06
2019-04,90.53,4.13,3.18,0.54,1.07,0.27,0.15,0.03,0,0,0.02,0,0,0,0.01,0.06
2019-05,90.68,4.02,3.15,0.52,1.09,0.25,0.16,0.03,0.01,0,0.02,0,0,0,0.01,0.06
2019-06,90.23,4.23,3.15,0.6,1.19,0.29,0.18,0.03,0,0,0.03,0,0,0,0.01,0.06
2019-07,89.86,4.31,3.21,0.66,1.31,0.29,0.2,0.03,0,0,0.02,0.01,0,0,0.01,0.06
2019-08,90.08,4.24,3.18,0.63,1.32,0.22,0.17,0.03,0.01,0,0.02,0.04,0,0,0.01,0.07
2019-09,90.64,3.91,3.09,0.51,1.28,0.19,0.2,0.02,0.01,0,0.02,0.05,0,0,0.01,0.06
2019-10,90.66,4.16,2.96,0.51,1.1,0.23,0.21,0.02,0.01,0,0.01,0.05,0,0,0.01,0.06
2019-11,90.79,4.34,2.65,0.48,1.01,0.25,0.28,0.02,0.02,0,0.02,0.06,0,0.01,0.01,0.06
2019-12,90.48,4.54,2.58,0.61,1.02,0.25,0.3,0.02,0.03,0,0.02,0.07,0,0.01,0.01,0.06
2020-01,90.27,4.93,2.49,0.59,0.99,0.28,0.24,0.02,0.02,0,0.01,0.07,0,0.01,0.01,0.06
2020-02,90.05,4.99,2.42,0.86,0.94,0.26,0.26,0.03,0.02,0,0.02,0.05,0,0.01,0.01,0.06
2020-03,90.17,5.08,2.28,0.8,0.87,0.27,0.29,0.02,0.02,0,0.03,0.08,0,0.01,0.01,0.06
2020-04,90.18,5.2,2.36,0.6,0.87,0.27,0.29,0.02,0.02,0,0.03,0.09,0,0,0.01,0.05
2020-05,90.44,5.03,2.28,0.59,0.86,0.24,0.36,0.03,0.01,0,0.02,0.09,0,0,0.01,0.05
2020-06,90.25,5.23,2.12,0.4,0.89,0.22,0.66,0.04,0.01,0,0.03,0.08,0,0,0.01,0.05
2020-07,90.33,5.24,2.1,0.39,0.93,0.2,0.6,0.04,0.01,0,0.02,0.08,0,0,0.01,0.05
2020-08,89.59,5.63,2.33,0.37,1.03,0.22,0.57,0.04,0.01,0,0.04,0.09,0,0,0.01,0.06
2020-09,90.32,5.19,2.26,0.36,0.99,0.23,0.4,0.03,0.01,0,0.06,0.09,0,0.01,0.01,0.05
2020-10,91.36,4.68,1.99,0.32,0.92,0.21,0.28,0.02,0.02,0,0.04,0.1,0,0.01,0.01,0.04
2020-11,90.87,5.05,1.96,0.27,1.09,0.22,0.3,0.02,0.02,0,0.04,0.11,0,0,0.01,0.05
2020-12,90.52,5.15,1.77,0.23,1.09,0.24,0.75,0.02,0.02,0,0.05,0.11,0,0,0.01,0.05
2021-01,90.47,5.28,1.77,0.2,1.11,0.26,0.67,0.02,0.02,0,0.04,0.11,0,0,0.01,0.04
2021-02,90.38,5.58,1.73,0.22,1.06,0.26,0.53,0.03,0.01,0,0.03,0.11,0,0,0.01,0.05
2021-03,91.07,5.09,1.74,0.2,1.01,0.26,0.39,0.02,0.01,0,0.03,0.12,0,0,0.01,0.04
